A||137.75||0.236||3||0.74||0||0||||
AAL||180.41||0.92||3||2.04||0||0||||
AAPL||226.51||0.25||3||0.46||54.17||-0.7200000000000006||||
ABBV||196.15||1.55||3||3.64||0||0||||
ABT||110.77||0.55||3||2.11||0||0||||
ACN||330.37||1.29||3||1.75||20||-4.46||||
ADBE||566.29||0.0125||O||0.08||0||0||||
ADI||227.50||0.92||3||1.58||0||0||||
ADSK||252.27||0.015||O||0.21||0||0||||
AEP||98.33||0.88||3||3.59||0||0||||
AES||17.70||0.1725||3||3.88||0||0||||
ALL||179.37||0.92||3||2.04||0||0||||
AMC||5.015||0.03||3||2.76||0||0||||
AMD||||||||||189.64||-14.51||||
AMT||219.78||1.62||3||3.29||0||0||||
AMX||16.97||0.269209||6||2.86||0||0||||
AMZN||||||||||10||-0.7||||
APD||274.99||1.77||3||2.59||0||0||||
APTV||70.84||0.22||3||1.01||0||0||||
ARCO||9.14||0.06||3||2.62||0||0||||
ARE||114.97||1.3||3||4.47||0||0||||
ASML||843.30||1.52||O||0.75||0||0||||
ATVI||94.42||0.99||12||1.07||0||0||||
AVGO||165.09||5.25||3||1.27||0||0||||
AXP||245.92||0.7||3||1.19||0||0||||
BA||173.46||2.055||3||2.37||0||0||||
BABA||83.27||0.98||12||1.26||0||0||||
BAC||38.67||0.26||3||2.69||0||0||||
BAK||6.39||0.667977||O||17.44||0||0||||
BAP||168.42||9.2875||12||5.38||0||0||||
BAX||36.19||0.29||3||3.20||0||0||||
BBD||2.875||0.002592||3||1.08||0||0||||
BHP||55.27||1.425||6||5.14||0||0||||
BK||65.41||0.47||3||3.00||0||0||||
BKR||34.47||0.21||3||2.43||0||0||||
BLK||862.70||5.1||3||2.37||0||0||||
BMA||56.19||1.797566||1||36.39||28.85||-14.850000000000001||||
BMY||48.48||0.6||3||5.99||0||0||||
BP||430.40||0.08||3||5.77||0||0||||
BSAC||20.63||0.568944||12||3.08||0||0||||
BSBR||5.695||0.053673||3||4.29||0||0||||
BTI||36.32||0.733059||3||8.11||0||0||||
BUD||60.92||0.65268||12||1.09||0||0||||
BX||134.75||0.82||3||2.31||0||0||||
C||60.53||0.56||3||3.81||0||0||||
CARR||69.66||0.19||3||1.18||0||0||||
CAT||||||||||75.03||0.18||||
CB||272.07||0.91||3||1.34||0||0||||
CCL||15.49||0.5||3||4.61||24.57||8.64||||
CCU||11.67||0.1076159||6||2.07||0||0||||
CE||130.73||0.7||3||2.01||0||0||||
CFG||41.14||0.42||3||3.89||0||0||||
CI||342.40||1.4||3||1.63||0||0||||
CMCSA||39.94||0.31||3||3.10||0||0||||
COF||139.78||0.6||3||1.78||0||0||||
COP||109.62||0.58||3||2.14||0||0||||
COST||881.42||1.16||3||0.57||0||0||||
CPA||90.01||1.61||3||7.23||0||0||||
CRESY||7.810||0.362614||12||4.34||0||0||||
CRM||261.09||0.4||3||0.62||0||0||||
CSAN||10.17||0.314291||12||3.17||0||0||||
CSCO||50.45||0.4||3||3.18||0||0||||
CVS||58.32||0.665||3||4.47||0||0||||
CVX||145.32||1.63||3||4.43||0||0||||
CX||6.45||0.02067||12||0.32||0||0||||
D||56.41||0.6675||3||4.74||0||0||||
DD||80.31||0.38||3||1.92||0||0||||
DFS||133.36||0.7||3||2.07||0||0||||
DG||123.71||0.59||3||1.81||0||0||||
DGX||152.97||0.75||3||1.99||0||0||||
DHR||271.10||0.27||3||0.43||0||0||||
DIS||90.72||0.45||6||0.77||0||0||||
DLR||149.76||1.22||3||3.27||0||0||||
DPZ||427.70||1.51||3||1.41||0||0||||
DRI||155.63||1.4||3||3.99||0||0||||
DUK||112.73||1.045||3||3.70||0||0||||
DVN||43.84||0.22||3||2.00||0||0||||
EA||149.75||0.19||3||0.51||0||0||||
EBR||7.60||0.05826||12||0.74||0||0||||
EFX||298.39||0.39||3||0.64||0||0||||
EIX||84.18||0.78||3||4.31||0||0||||
EL||91.51||0.66||3||2.90||0||0||||
EOG||124.98||0.91||3||2.91||0||0||||
EQIX||817.99||4.26||3||2.05||0||0||||
ERJ||32.83||0.010751||3||0.2||0||0||||
ETR||118.88||1.13||3||3.85||0||0||||
EXC||37.87||0.38||3||4.06||0||0||||
F||10.85||0.15||3||6.13||0||0||||
FCX||43.89||0.075||O||1.17||0||0||||
FDX||291.52||1.38||3||1.91||0||0||||
FIS||79.21||0.36||3||1.83||0||0||||
FMX||107.38||0.93204||12||0.79||0||0||||
FOX||37.57||0.27||6||1.43||0||0||||
GGAL||33.87||0.724786||O||7.06||0||0||||
GGB||3.360||0.0212239||3||2.67||0||0||||
GILD||75.13||0.77||3||4.12||0||0||||
GM||46.56||0.12||3||1.04||0||0||||
GME||22.55||0.38||3||13.13||0||0||||
GOOG||167.63||0.2||3||0.47||0||0||||
GOOGL||165.85||0.2||3||0.48||0||0||||
GPN||109.35||0.25||3||0.92||0||0||||
GPRK||9.29||0.147||3||6.30||0||0||||
GS||496.46||3||3||2.41||0||0||||
H||145.28||0.15||3||0.42||0||0||||
HAS||66.57||0.7||3||4.25||0||0||||
HD||370.46||2.25||3||2.45||0||0||||
HES||136.35||0.4375||3||1.22||0||0||||
HL||6.17||0.01375||3||0.92||0||0||||
HMC||32.12||0.5752998||6||2.75||0||0||||
HON||201.42||1.08||3||2.18||0||0||||
HSBC||43.19||0.495||3||4.62||0||0||||
HUB||358.57||0.885||3||0.99||0||0||||
IBM||197.21||1.67||3||3.47||0||0||||
ICE||158.11||0.45||3||1.14||0||0||||
IFF||100.25||0.4||3||1.63||0||0||||
IFS||23.84||0.95||12||4.23||0||0||||
INTC||21.41||0.125||3||2.52||0||0||||
INTU||670.49||0.9||3||0.55||0||0||||
IRS||10.170||0.630247||12||5.46||0||0||||
ITUB||6.8||0.0026126||1||0.46||0||0||||
JNJ||161.43||1.24||3||3.10||10||-0.6699999999999999||||
JPM||214.60||1.15||3||2.20||0||0||||
KO||69.57||0.485||3||2.80||10||-1.0||||
LH||228.83||0.72||3||1.28||0||0||||
LHX||230.05||1.16||3||2.02||0||0||||
LIN||461.75||1.39||3||1.21||0||0||||
LLY||951.97||1.3||3||0.56||0||0||||
LMT||553.76||3.15||3||2.26||0||0||||
LOW||242.37||1.15||3||1.93||0||0||||
LYB||96.91||1.34||3||5.55||0||0||||
MA||468||0.66||3||0.59||0||0||||
MCD||289.71||1.67||3||2.34||0||0||||
MCHP||82.81||0.454||3||2.26||0||0||||
MCO||475.47||0.85||3||0.73||0||0||||
MDLZ||71.10||0.47||3||2.65||0||0||||
MDT||87.54||0.7||3||3.28||0||0||||
MELI||2007.46||0.15||3||0.19||0||0||||
META||535.16||0.5||3||0.40||0||0||||
MMM||129.23||1.51||3||6.54||0||0||||
MPC||171.97||0.825||3||1.92||0||0||||
MPWR||947.16||1.25||3||0.62||0||0||||
MRK||116.03||0.77||3||2.68||0||0||||
MRO||27.63||0.11||3||1.58||0||0||||
MS||100.69||0.925||3||3.57||0||0||||
MSFT||424.14||0.75||3||0.72||0||0||||
MSI||425.72||0.98||3||1.04||0||0||||
MU||108.33||0.115||3||0.35||0||0||||
NEE||79.64||0.515||3||2.61||0||0||||
NEM||51.87||0.25||3||1.94||0||0||||
NKE||84.00||0.37||3||1.77||0||0||||
NOC||506.86||2.06||3||1.76||0||0||||
NVDA||128.50||0.01||3||0.03||0||0||||
NVO||134.96||0.3623382||6||0.75||0||0||||
NVS||117.61||2.430704||12||2.37||0||0||||
O||60.93||0.263||1||5.21||11.93||-11.81||||
ORCL||140.20||0.4||3||1.13||0||0||||
OTIS||93.96||0.39||3||1.67||0||0||||
PAC||159.54||3.742582||O||4.64||0||0||||
PAYC||160.80||0.375||3||0.95||0||0||||
PBR||14.86||0.1287081||O||15.5||0||0||||
PEP||175.21||1.355||3||3.08||0||0||||
PFE||29.03||0.42||3||5.57||0||0||||
PG||170.16||1.0065||3||2.39||153.12||-7.38||||
PLD||124.47||0.96||3||3.42||0||0||||
PM||120||1.3||3||5.14||0||0||||
PPG||124.95||0.68||3||2.28||0||0||||
PSX||133.88||1.15||3||3.30||0||0||||
QCOM||174.22||0.85||3||1.98||0||0||||
ROP||551.65||0.75||3||0.53||0||0||||
RTX||117.26||0.63||3||2.13||0||0||||
RY||112.94||1.02980637||3||3.73||0||0||||
SAP||218.87||1.730603||12||0.90||0||0||||
SBAC||219.30||0.98||3||1.79||0||0||||
SBUX||92.78||0.57||3||2.40||0||0||||
SCHW||64.57||0.25||3||1.59||0||0||||
SHEL||71.29||0.688||3||3.76||0||0||||
SHW||357.97||0.715||3||0.80||0||0||||
SID||2.280||0.127537||O||10.04||0||0||||
SLB||44.20||0.275||3||2.50||0||0||||
SM||44.41||0.18||3||1.52||0||0||||
SNY||55.22||1.4784989||12||2.95||0||0||||
SONY||92.79||0.208927||3||0.47||0||0||||
SPGI||498.98||0.91||3||0.73||0||0||||
SQM||38.45||0.144051||3||1.21||0||0||||
SRE||80.98||0.62||3||3.26||0||0||||
STE||234.38||0.57||3||0.98||0||0||||
STZ||244.74||1.01||3||1.68||0||0||||
SUZ||10.35||0.177614||3||6.88||0||0||||
SWK||98.65||0.82||3||3.38||0||0||||
SWKS||107.87||0.7||3||2.59||0||0||||
SYF||47.24||0.25||3||2.22||0||0||||
T||19.54||0.2775||3||5.90||0||0||||
TD||59.76||0.7474444||3||5.35||0||0||||
TDG||1313.71||35||O||3.55||0||0||||
TEL||152.71||0.65||3||1.73||0||0||||
TEO||7.350||0.2079672||O||9.48||0||0||||
TER||135.41||0.12||3||0.34||0||0||||
TGS||18.870||0.0261425||O||13.62||0||0||||
TGT||159.25||1.12||3||3.10||0||0||||
TIMB||16.71||0.0852968||3||2.35||0||0||||
TJX||120.23||0.35||3||1.38||0||0||||
TM||183.62||2.549468||6||1.71||0||0||||
TMO||610.17||0.39||3||0.25||0||0||||
TMUS||195.46||0.65||3||1.33||0||0||||
TS||28.04||0.8||6||3.42||0||0||||
TSM||171.44||0.487082||3||1.13||0||0||||
TTE||68.79||0.6255695||3||3.76||0||0||||
TV||2.020||0.089872||12||2.77||0||0||||
TX||34.74||2.2||6||7.73||0||0||||
TXN||208.37||1.3||3||2.59||0||0||||
U||17.30||0||0||0||0||0||||
UL||61.80||0.4723||3||3.08||0||0||||
UNH||578.07||2.1||3||1.45||0||0||||
UPS||127.9||1.63||3||5.03||0||0||||
V||268.2||0.52||3||0.80||0||0||||
VALE||10.64||0.309355||O||12.51||0||0||||
VFC||17.03||0.09||3||2.15||0||0||||
VIST||48.530||0||0||0||0||0||||
VLO||143.87||1.07||3||2.65||0||0||||
VRSK||269.38||0.39||3||0.58||0||0||||
VZ||41.05||0.665||3||6.44||0||0||||
WFC||55.46||0.4||3||3.03||0||0||||
WMB||44.50||0.475||3||4.29||0||0||||
WMT||75.24||0.2075||3||1.11||0||0||||
XOM||113.85||0.95||3||3.19||0||0||||
YPF||21.120||0.139629||12||0.77||0||0||||
ZBH||112.13||0.24||3||0.89||0||0||||
ZTS||182.90||0.432||3||0.95||15.42||-1.370000000000001||||
